%YAML:1.0
CM1: !!opencv-matrix
   rows: 3
   cols: 3
   dt: d
   data: [ 5.5093662648052782e+02, 0., 3.1474937855061978e+02, 0.,
       5.4497170185417110e+02, 2.3563676411982698e+02, 0., 0., 1. ]
