%YAML:1.0
D1: !!opencv-matrix
   rows: 1
   cols: 5
   dt: d
   data: [ 1.1108299891031581e-01, -4.1796201570458730e-01, 0., 0.,
       2.4550814636387716e-01 ]
