%YAML:1.0
D2: !!opencv-matrix
   rows: 1
   cols: 5
   dt: d
   data: [ 9.2408404800547614e-02, -3.3559627660810604e-01, 0., 0.,
       1.3965140788986680e-01 ]
