%YAML:1.0
E: !!opencv-matrix
   rows: 3
   cols: 3
   dt: d
   data: [ 2.3081416573922747e-02, -1.6371109473814915e+00,
       9.7434710221185805e-01, 3.6345419722111028e-01,
       -3.6591722758966416e-01, 6.9221271999097681e+01,
       7.5981235307929140e-01, -6.9205655345997883e+01,
       -3.9300677913246113e-01 ]
