%YAML:1.0
F: !!opencv-matrix
   rows: 3
   cols: 3
   dt: d
   data: [ -3.5260381191334597e-08, 2.5283101614800698e-06,
       -1.4047138001774481e-03, -5.6130889695442233e-07,
       5.7129811084922535e-07, -5.8854985791693799e-02,
       -4.9424151497610568e-04, 5.7933647464910441e-02, 1. ]
