%YAML:1.0
R: !!opencv-matrix
   rows: 3
   cols: 3
   dt: d
   data: [ 9.9951505156271303e-01, 2.5078263643293720e-02,
       1.8459208873204836e-02, -2.5182142165991083e-02,
       9.9966820468936635e-01, 5.4166640168011584e-03,
       -1.8317243665982218e-02, -5.8788796361676707e-03,
       9.9981494155603845e-01 ]
