%YAML:1.0
T: !!opencv-matrix
   rows: 3
   cols: 1
   dt: d
   data: [ -6.9203955722458360e+01, 9.8336838133241178e-01,
       1.6318712902712951e+00 ]
