%YAML:1.0
P1: !!opencv-matrix
   rows: 3
   cols: 4
   dt: d
   data: [ 5.4497170185417110e+02, 0., 3.2883545303344727e+02, 0., 0.,
       5.4497170185417110e+02, 2.3697290992736816e+02, 0., 0., 0., 1.,
       0. ]
