%YAML:1.0
Q: !!opencv-matrix
   rows: 4
   cols: 4
   dt: d
   data: [ 1., 0., 0., -3.2883545303344727e+02, 0., 1., 0.,
       -2.3697290992736816e+02, 0., 0., 0., 5.4497170185417110e+02, 0.,
       0., -1.4446083962336606e-02, 0. ]
