%YAML:1.0
R1: !!opencv-matrix
   rows: 3
   cols: 3
   dt: d
   data: [ 9.9992593366960325e-01, 1.1007721525832584e-02,
       -5.1920363810243836e-03, -1.0993448238276237e-02,
       9.9993573450675055e-01, 2.7696484032561442e-03,
       5.2221902305928979e-03, -2.7123648823563868e-03,
       9.9998268575307869e-01 ]
