%YAML:1.0
R2: !!opencv-matrix
   rows: 3
   cols: 3
   dt: d
   data: [ 9.9962123480916976e-01, -1.4204331318315474e-02,
       -2.3571675595728026e-02, 1.4139660511955910e-02,
       9.9989580135038214e-01, -2.9079963005252136e-03,
       2.3610525601886815e-02, 2.5735993621299616e-03,
       9.9971792004901361e-01 ]
