%YAML:1.0
P2: !!opencv-matrix
   rows: 3
   cols: 4
   dt: d
   data: [ 5.4776489856721207e+02, 0., 3.2943149948120117e+02, 0., 0.,
       5.4776489856721207e+02, 2.4032352447509766e+02, 0., 0., 0., 1.,
       0. ]
