%YAML:1.0
Q: !!opencv-matrix
   rows: 4
   cols: 4
   dt: d
   data: [ 1., 0., 0., -3.2943149948120117e+02, 0., 1., 0.,
       -2.4032352447509766e+02, 0., 0., 0., 5.4776489856721207e+02, 0.,
       0., -1.4219106073862193e-02, 0. ]
