%YAML:1.0
R1: !!opencv-matrix
   rows: 3
   cols: 3
   dt: d
   data: [ 9.9992398902281299e-01, 1.2323565960917125e-02,
       3.8196689937311442e-04, -1.2325700628931855e-02,
       9.9990476090236224e-01, 6.2085609279189501e-03,
       -3.0541891107270947e-04, -6.2127970187877283e-03,
       9.9998065374910727e-01 ]
