%YAML:1.0
R2: !!opencv-matrix
   rows: 3
   cols: 3
   dt: d
   data: [ 9.9953544378505010e-01, -2.0309592145146653e-03,
       -3.0410061198425962e-02, 1.8420273782555382e-03,
       9.9997883735747106e-01, -6.2395330224385122e-03,
       3.0422089878257726e-02, 6.1806182432926262e-03,
       9.9951803205623557e-01 ]
