%YAML:1.0
CM1: !!opencv-matrix
   rows: 3
   cols: 3
   dt: d
   data: [ 5.5417538707791869e+02, 0., 3.1747408017092192e+02, 0.,
       5.4776489856721207e+02, 2.4009694649598836e+02, 0., 0., 1. ]
