%YAML:1.0
CM2: !!opencv-matrix
   rows: 3
   cols: 3
   dt: d
   data: [ 5.5417538707791869e+02, 0., 3.2110180860576401e+02, 0.,
       5.4776489856721207e+02, 2.4066712527720031e+02, 0., 0., 1. ]
