%YAML:1.0
D1: !!opencv-matrix
   rows: 1
   cols: 5
   dt: d
   data: [ 7.2166344876293226e-02, 1.7645771321788191e-02, 0., 0.,
       -9.6067905198734838e-01 ]
