%YAML:1.0
D2: !!opencv-matrix
   rows: 1
   cols: 5
   dt: d
   data: [ 8.6409891092242619e-02, -3.3083648025021101e-01, 0., 0.,
       7.0961904927800579e-01 ]
