%YAML:1.0
E: !!opencv-matrix
   rows: 3
   cols: 3
   dt: d
   data: [ 2.6334874773038048e-02, -2.1403939605649169e+00,
       1.1627479232805489e-01, -1.6123447844405628e-02,
       -8.7166266526653757e-01, 7.0331263470104176e+01,
       8.6666668101355482e-01, -7.0293489446727875e+01,
       -8.7534027928001168e-01 ]
