%YAML:1.0
F: !!opencv-matrix
   rows: 3
   cols: 3
   dt: d
   data: [ -3.8354124034182756e-08, 3.1537521697284083e-06,
       -8.3887536117086166e-04, 2.3757009017805458e-08,
       1.2993774479904748e-06, -5.7748286595609342e-02,
       -6.9288975304001785e-04, 5.6072530585025954e-02, 1. ]
