%YAML:1.0
R: !!opencv-matrix
   rows: 3
   cols: 3
   dt: d
   data: [ 9.9942747235965712e-01, 1.3970686647688985e-02,
       3.0814727118359333e-02, -1.4358132301549364e-02,
       9.9982017268890411e-01, 1.2388152450670917e-02,
       -3.0636114792807360e-02, -1.2823501819781671e-02,
       9.9944834097189839e-01 ]
