%YAML:1.0
T: !!opencv-matrix
   rows: 3
   cols: 1
   dt: d
   data: [ -7.0304136321226395e+01, 1.4285119589087938e-01,
       2.1389467490369087e+00 ]
