%YAML:1.0
P2: !!opencv-matrix
   rows: 3
   cols: 4
   dt: d
   data: [ 5.5022045181111332e+02, 0., 3.2321308135986328e+02, 0., 0.,
       5.5022045181111332e+02, 2.3776801300048828e+02, 0., 0., 0., 1.,
       0. ]
