%YAML:1.0
Q: !!opencv-matrix
   rows: 4
   cols: 4
   dt: d
   data: [ 1., 0., 0., -3.2321308135986328e+02, 0., 1., 0.,
       -2.3776801300048828e+02, 0., 0., 0., 5.5022045181111332e+02, 0.,
       0., -1.4339346499637261e-02, 0. ]
