%YAML:1.0
R1: !!opencv-matrix
   rows: 3
   cols: 3
   dt: d
   data: [ 9.9987991520308228e-01, 1.3827514742336459e-02,
       6.9967856568165865e-03, -1.3860564171720151e-02,
       9.9989290443232837e-01, 4.6972786509139374e-03,
       -6.9310846422904193e-03, -4.7936939757531527e-03,
       9.9996448965138163e-01 ]
