%YAML:1.0
R2: !!opencv-matrix
   rows: 3
   cols: 3
   dt: d
   data: [ 9.9981854828025474e-01, -9.8568806496859961e-03,
       -1.6300687673283260e-02, 9.7794091236126871e-03,
       9.9994053681118700e-01, -4.8255568536919044e-03,
       1.6347283320389476e-02, 4.6652701543488063e-03,
       9.9985549034969534e-01 ]
