%YAML:1.0
CM1: !!opencv-matrix
   rows: 3
   cols: 3
   dt: d
   data: [ 5.5665508211616350e+02, 0., 3.1713717073444701e+02, 0.,
       5.5022045181111332e+02, 2.3687185239913572e+02, 0., 0., 1. ]
