%YAML:1.0
CM2: !!opencv-matrix
   rows: 3
   cols: 3
   dt: d
   data: [ 5.5665508211616350e+02, 0., 3.2203481068028026e+02, 0.,
       5.5022045181111332e+02, 2.3825850381510048e+02, 0., 0., 1. ]
