%YAML:1.0
D1: !!opencv-matrix
   rows: 1
   cols: 5
   dt: d
   data: [ 1.0883953500428874e-01, -4.8868977763826388e-01, 0., 0.,
       8.1211455066210214e-01 ]
