%YAML:1.0
D2: !!opencv-matrix
   rows: 1
   cols: 5
   dt: d
   data: [ 1.0275308388502513e-01, -3.5786979666653651e-01, 0., 0.,
       2.9321207454335479e-01 ]
