%YAML:1.0
E: !!opencv-matrix
   rows: 3
   cols: 3
   dt: d
   data: [ 1.1074613358406564e-02, -1.1431919064587350e+00,
       6.7662776971628036e-01, -4.7882923678548184e-01,
       -6.5960483044091023e-01, 6.9730938765387307e+01,
       9.6881596690173244e-01, -6.9719931392536679e+01,
       -6.6405459539163592e-01 ]
