%YAML:1.0
F: !!opencv-matrix
   rows: 3
   cols: 3
   dt: d
   data: [ -1.5471394718397799e-08, 1.6157325855692569e-06,
       -9.0399810945228050e-04, 6.7675426708900224e-07,
       9.4315618992572996e-07, -5.5298818046773751e-02,
       -9.0966489120127274e-04, 5.4107089793443447e-02,
       9.9999999999999989e-01 ]
