%YAML:1.0
R: !!opencv-matrix
   rows: 3
   cols: 3
   dt: d
   data: [ 9.9944963274084542e-01, 2.3525003634675756e-02,
       2.3388155510382060e-02, -2.3747772348870530e-02,
       9.9967478757182815e-01, 9.2931373435755915e-03,
       -2.3161928301752909e-02, -9.8434392977673948e-03,
       9.9968326572976884e-01 ]
