%YAML:1.0
T: !!opencv-matrix
   rows: 3
   cols: 1
   dt: d
   data: [ -6.9726435975945080e+01, 6.8740988924976965e-01,
       1.1367951288454057e+00 ]
